229
359
371
375
553
661
781
827
863
875
879
881
925
937
943
1025
1079
1124
1186
1249
1261
1267
1307
1311
1313
1340
1348
1359
1361
1364
1365
1366
1405
1411
1420
1423
1426
1435
1441
1443
1525
1607
1633
1669
1687
1769
1811
1815
1817
1826
1827
1829
1832
1833
1834
1841
1847
1850
1885
1909
1911
1912
1930
1957
2011
2092
2119
2146
2291
2321
2327
2343
2345
2483
2537
2588
2759
2775
2777
2804
2811
2813
2822
2829
2830
2893
2899
2901
2969
3023
3050
3068
3074
3130
3185
3212
3266
3320
3374
3454
3500
3506
3536
3542
3548
3552
3554
3558
3560
3598
3610
3616
3619
3621
3622
3627
3628
3630
3632
3634
3640
3713
3731
3747
3749
3776
3783
3791
3801
3802
3829
3853
3855
3856
3874
3947
3953
3956
3992
4004
4016
4020
4025
4034
4040
4044
4069
4071
4072
4095
4096
4098
4100
4102
4118
4126
4198
4215
4217
4226
4233
4234
4244
4260
4262
4269
4270
4278
4288
4306
4342
4441
4549
4579
4603
4727
4731
4733
4742
4743
4745
4748
4749
4750
4795
4813
4821
4822
4846
4873
4927
5008
5035
5062
5137
5149
5155
5195
5199
5201
5228
5236
5247
5249
5252
5253
5254
5281
5293
5307
5311
5314
5332
5398
5444
5462
5474
5478
5492
5496
5498
5515
5523
5524
5541
5550
5552
5554
5578
5617
5623
5632
5635
5638
5656
5679
5681
5684
5685
5686
5704
5708
5712
5714
5716
5722
5733
5734
5736
5738
5740
5764
5779
5782
5788
5800
5845
5899
5980
6007
6034
6142
6183
6185
6188
6189
6190
6194
6198
6200
6201
6202
6204
6206
6208
6224
6250
6280
6286
6304
6331
6358
6412
6466
6520
6667
6695
6703
6715
6721
6821
6857
6869
6873
6875
6911
6956
6964
6977
6981
6983
7010
7029
7031
7034
7035
7036
7135
7147
7153
7180
7183
7189
7198
7201
7204
7267
7273
7275
7343
7397
7424
7442
7450
7504
7559
7586
7604
7640
7694
7712
7748
7760
7764
7766
7828
7874
7882
7910
7918
7922
7926
7928
7930
7936
7972
7984
7990
7993
7995
7996
8001
8002
8004
8006
8008
8014
8087
8107
8119
8125
8152
8155
8159
8161
8165
8168
8170
8173
8176
8203
8227
8229
8230
8248
8273
8277
8279
8306
8321
8325
8331
8332
8360
8368
8378
8390
8394
8399
8402
8404
8412
8416
8420
8422
8433
8435
8438
8439
8440
8443
8445
8446
8462
8466
8468
8469
8470
8472
8474
8476
8487
8488
8490
8494
8500
8572
8587
8593
8602
8605
8608
8620
8632
8638
8641
8644
8650
8654
8656
8662
8680
8716
8801
8855
8882
8906
8908
9017
9044
9062
9098
9152
9170
9206
9218
9222
9224
9338
9340
9368
9374
9376
9388
9390
9392
9394
9451
9453
9454
9459
9460
9462
9464
9466
9472
9485
9497
9501
9533
9537
9539
9548
9549
9551
9554
9555
9556
9620
9632
9636
9641
9645
9647
9656
9657
9659
9662
9663
9664
9674
9686
9690
9693
9695
9698
9699
9700
9704
9708
9710
9711
9712
9714
9716
9718
9782
9794
9798
9890
9902
9906
9938
9942
9944
9953
9954
9956
9959
9960
9961
9965
9969
9971
9980
9981
9983
9986
9987
9988
9998
10010
10014
10017
10019
10022
10023
10024
10028
10032
10034
10035
10036
10038
10040
10042
10052
10064
10068
10100
10104
10106
10115
10116
10118
10121
10122
10123
10125
10127
10130
10131
10132
10136
10140
10142
10143
10144
10146
10148
10150
10154
10158
10160
10169
10170
10172
10175
10176
10177
10265
10271
10274
10310
10312
10340
10343
10348
10352
10358
10360
10362
10366
10387
10389
10390
10413
10414
10416
10418
10420
10436
10444
10466
10502
10505
10508
10518
10526
10556
10586
10592
10604
10609
10622
10626
10628
10629
10630
10632
10634
10636
10655
10656
10658
10661
10662
10663
10670
10674
10680
10681
10684
10686
10687
10760
10778
10780
10792
10794
10796
10798
10823
10825
10828
10830
10834
10838
10843
10846
10848
10849
10876
10900
10902
10903
10912
10918
10920
11023
11035
11041
11068
11071
11077
11086
11089
11092
11113
11131
11139
11140
11164
11189
11193
11195
11222
11241
11243
11246
11247
11248
11276
11284
11294
11306
11310
11320
11324
11328
11330
11332
11338
11347
11349
11351
11354
11373
11374
11378
11392
11403
11404
11406
11408
11488
11503
11509
11518
11521
11524
11536
11548
11554
11557
11560
11566
11572
11578
11596
11626
11716
11762
11770
11798
11806
11810
11814
11816
11818
11824
11833
11841
11842
11859
11868
11870
11872
11896
11924
11960
11972
11976
11978
12014
12059
12067
12075
12076
12080
12094
12102
12104
12120
12130
12132
12134
12137
12184
12196
12202
12238
12242
12246
12248
12250
12256
12275
12283
12286
12292
12294
12296
12299
12300
12301
12304
12307
12328
12340
12354
12358
12361
12370
12376
12378
12460
12475
12481
12490
12493
12496
12508
12520
12526
12529
12532
12538
12542
12544
12550
12568
12598
12604
12622
12645
12647
12650
12651
12652
12674
12678
12680
12699
12700
12702
12706
12724
12728
12732
12734
12736
12742
12746
12750
12752
12761
12762
12764
12767
12768
12769
12772
12776
12778
12780
12786
12787
12790
12793
12807
12808
12810
12812
12820
12832
12834
12836
12839
12844
12846
12847
12862
12864
12865
12892
12946
12961
12964
12970
12976
12982
12988
12994
13003
13006
13009
13018
13024
13027
13054
13081
13189
13297
13325
13351
13475
13479
13481
13490
13491
13493
13496
13497
13498
13541
13559
13565
13568
13594
13621
13657
13675
13711
13735
13737
13738
13756
13783
13810
13885
13897
13903
13943
13947
13949
13976
13984
13995
13997
14000
14001
14002
14027
14041
14045
14047
14051
14054
14056
14059
14062
14080
14146
14192
14210
14222
14226
14240
14244
14246
14261
14267
14270
14285
14288
14290
14294
14300
14302
14306
14308
14324
14359
14365
14371
14380
14385
14404
14427
14429
14432
14433
14434
14437
14439
14440
14452
14456
14460
14462
14463
14466
14468
14481
14482
14484
14486
14488
14494
14512
14527
14530
14536
14540
14542
14593
14647
14728
14755
14782
14890
14931
14933
14936
14937
14938
14942
14946
14948
14949
14950
14952
14954
14956
14972
14998
15026
15034
15052
15079
15106
15160
15196
15214
15268
15395
15411
15413
15440
15447
15449
15458
15465
15466
15485
15503
15509
15512
15538
15656
15668
15680
15684
15692
15708
15710
15719
15725
15728
15743
15746
15752
15758
15764
15782
15817
15841
15843
15844
15862
15879
15881
15890
15895
15908
15921
15922
15928
15933
15934
15942
15944
15970
15998
16006
16090
16136
16142
16172
16178
16184
16188
16190
16194
16196
16205
16211
16214
16229
16232
16234
16238
16244
16246
16250
16252
16268
16334
16388
16433
16439
16445
16448
16454
16460
16466
16472
16478
16487
16490
16493
16495
16502
16508
16511
16543
16545
16546
16558
16569
16572
16574
16600
16610
16616
16620
16622
16623
16624
16630
16649
16650
16652
16656
16662
16664
16668
16670
16673
16674
16675
16678
16700
16708
16714
16718
16720
16724
16727
16729
16734
16744
16750
16752
16834
16851
16853
16862
16869
16870
16880
16896
16898
16905
16906
16914
16924
16942
16970
16978
16996
17078
17096
17112
17114
17120
17124
17126
17135
17136
17138
17141
17142
17143
17148
17156
17166
17167
17186
17194
17204
17210
17213
17218
17220
17221
17239
17266
17302
17320
17337
17338
17346
17348
17364
17366
17375
17380
17392
17400
17401
17428
17455
17509
17563
17644
17671
17698
17806
17847
17849
17852
17853
17854
17858
17862
17864
17865
17866
17868
17870
17872
17914
17942
17944
17968
17995
18022
18076
18112
18130
18184
18253
18259
18268
18271
18274
18292
18315
18317
18320
18321
18322
18340
18344
18348
18350
18352
18358
18369
18370
18372
18374
18376
18400
18415
18418
18424
18428
18436
18454
18502
18514
18520
18560
18564
18566
18578
18582
18584
18593
18594
18596
18599
18600
18601
18612
18614
18617
18618
18619
18644
18646
18658
18662
18668
18671
18672
18676
18679
18697
18724
18739
18742
18748
18754
18778
18801
18802
18804
18806
18808
18814
18820
18826
18828
18830
18833
18834
18835
18840
18856
18858
18859
18886
18904
18910
18913
18985
18991
18993
19039
19045
19047
19063
19065
19066
19071
19072
19074
19076
19078
19084
19201
19207
19209
19225
19227
19228
19233
19234
19236
19238
19240
19246
19279
19281
19282
19287
19288
19290
19292
19294
19300
19336
19342
19344
19390
19396
19398
19552
19558
19560
